975
942
903
886
842
841
792
775
757
751
740
727
726
719
696
685
663
654
647
646
646
641
637
628
621
606
605
605
603
594
592
588
568
562
554
550
548
541
532
524
524
524
501
497
495
491
489
488
480
477
471
460
453
451
438
436
432
425
423
418
418
416
413
408
405
401
400
398
387
382
382
379
377
374
369
366
361
359
352
349
346
344
344
342
341
338
338
336
334
329
325
323
321
320
319
317
317
316
315
315
314
311
310
306
306
305
302
294
285
282
281
271
271
267
262
261
260
258
256
250
249
246
245
245
244
243
242
241
238
237
237
237
234
232
231
230
230
229
229
227
227
226
226
224
223
222
221
220
220
220
219
219
218
217
214
214
213
213
213
211
210
208
208
208
207
207
206
205
205
204
204
204
202
202
201
198
198
197
197
196
193
193
193
192
192
191
191
190
190
189
189
188
186
185
185
185
183
183
182
181
181
180
180
180
180
179
179
178
177
175
175
174
174
173
173
173
173
172
171
171
169
169
168
168
166
163
163
163
163
163
161
161
160
160
160
160
159
159
158
157
157
156
155
155
154
154
154
152
152
152
151
150
149
149
149
149
148
147
147
146
146
145
145
145
145
144
144
144
144
143
143
143
143
142
142
142
141
141
141
141
141
140
139
139
139
139
139
138
138
138
138
138
138
137
137
137
136
136
136
135
134
133
133
133
132
132
132
131
131
130
130
129
129
128
128
127
127
126
126
126
125
125
124
123
123
123
122
122
121
121
121
119
119
119
119
118
118
116
116
116
116
115
114
114
114
114
113
113
113
113
113
112
112
112
112
112
110
110
110
110
110
109
109
108
108
108
108
107
106
106
106
106
105
105
105
105
105
105
104
104
104
103
103
103
103
103
102
102
101
101
101
101
101
101
100
100
100
100
